1922420208
1921964648
1921953785
1921959842
1921937208
1921910945
1921886082
1921888684
1921851544
1921192421
1919305463
1919285741
1919236832
1918810983
1918805411
1917532112
1917513462
1917487176
1917445177
1917406450
1917382321
1917127809
1917076013
1917026371
1915993126
1915619533
1915038992
1915028935
1915047221
1915016822
1915004546
1915012342
1914993110
1914968051
1914371000
1914367352
1914341495
1914271804
1914242817
1914209048
1913716314
1913713126
1913701265
1913340572
1913252753
1913169474
1913121127
1911723844
1911646783
1911626522
1911619701
1911582966
1910737918
1910717239
1910702241
1910491283
1910455286
1910447453
1910440369
1910392810
1910242536
1910071095
1910048470
1910032408
1909996575
1909921985
1909872389
1909845004
1909824725
1909685974
1909652486
1909364301
1909356653
1909351469
1908972383
1908964899
1908960186
1908420324
1908378078
1908325922
1907447321
1907418155
1907400173
1907246897
1906875552
1906526743
1906509613
1906498212
1906458663
1905331567
1905297944
1905205828
1900498578
1900441882
1900425512
1900418427
1900401895
1900374145
1900204402
1899575480
1899580920
1899564260
1899547783
1899089716
1899084118
1899078544
1899029058
1898934309
1898930596
1898917307
1898898274
1898873707
1898836184
1898820086
1898247971
1898221857
1897433669
1897337177
1897052811
1897022139
1897000310
1896982610
1896934853
1896915889
1895810402
1895786231
1895698033
1894820276
1894784010
1894776812
1894750463
1894745214
1894721067
1894705452
1894711597
1894468723
1894444798
1894457350
1893654653
1893627182
1893608098
1893579867
1893035497
1893006671
1893003956
1892967364
1892957893
1892870155
1892839070
1892801892
1892762614
1892752121
1892710560
1892671432
1892553587
1892381583
1892379877
1892387933
1892346529
1892352778
1892347713
1892332092
1892284460
1892287900
1891762037
1891731949
1891684121
1891662392
1891626024
1891629706
1891470940
1891459934
1890387147
1890356782
1889933886
1922656260
1922721001
1922717741
1922694971
1922693567
1922665364
1923008434
1924230870
1924210279
1924041979
1924039989
1924036836
1924024638
1924009729
1923668718
